

Experiment File Path:	C:\Users\PlateReader\Documents\BioTek Reader\Experimente\Competition Assaz Species 8_11_23.xpt
Protocol File Path:	C:\Users\PlateReader\Documents\BioTek Reader\Protokolle\Competition Assay Samples OD.prt



Plate Number	Plate 2
Date	08.11.2023
Time	16:14:45
Reader Type:	Epoch 2
Reader Serial Number:	2107161C
Reading Type	Reader



Actual Temperature:	22,0

600
	1	2	3	4	5	6	7	8	9	10	11	12
A	0,122	0,122	0,098		0,126	0,113	0,088		0,146	0,152	0,095		600
B	0,126	0,137	0,132	0,117	0,119	0,117	0,131	0,117	0,120	0,131	0,135	0,120	600
C	0,123	0,126	0,129	0,120	0,129	0,126	0,120	0,123	0,124	0,135	0,133	0,124	600
D	0,117	0,128	0,130		0,117	0,129	0,117		0,120	0,123	0,128		600
E	0,119	0,122	0,128		0,112	0,120	0,131		0,120	0,136	0,142		600
F	0,130	0,122	0,127	0,133	0,125	0,141	0,128	0,122	0,118	0,133	0,133	0,141	600
G	0,121	0,124	0,119	0,132	0,125	0,123	0,120	0,131	0,133	0,130	0,150	0,141	600
H	0,116	0,115	0,091		0,112	0,115	0,097		0,131	0,123	0,089		600



Actual Temperature:	22,0

500
	1	2	3	4	5	6	7	8	9	10	11	12
A	0,136	0,137	0,105		0,138	0,125	0,094		0,164	0,175	0,102		500
B	0,142	0,150	0,148	0,128	0,130	0,129	0,148	0,128	0,131	0,146	0,149	0,131	500
C	0,138	0,141	0,145	0,132	0,144	0,141	0,134	0,135	0,137	0,150	0,147	0,136	500
D	0,131	0,144	0,145		0,129	0,144	0,132		0,131	0,137	0,143		500
E	0,131	0,135	0,141		0,123	0,132	0,145		0,132	0,150	0,155		500
F	0,141	0,136	0,139	0,148	0,138	0,158	0,140	0,134	0,128	0,147	0,149	0,155	500
G	0,134	0,137	0,131	0,148	0,139	0,136	0,131	0,145	0,147	0,142	0,170	0,158	500
H	0,128	0,127	0,097		0,122	0,128	0,104		0,144	0,135	0,092		500



Actual Temperature:	22,0

700
	1	2	3	4	5	6	7	8	9	10	11	12
A	0,111	0,110	0,091		0,113	0,104	0,087		0,130	0,137	0,090		700
B	0,115	0,126	0,118	0,108	0,109	0,107	0,118	0,108	0,109	0,120	0,121	0,111	700
C	0,113	0,114	0,116	0,108	0,117	0,114	0,110	0,112	0,112	0,121	0,120	0,114	700
D	0,108	0,115	0,115		0,109	0,117	0,106		0,108	0,113	0,112		700
E	0,111	0,111	0,113		0,103	0,109	0,118		0,108	0,122	0,125		700
F	0,122	0,111	0,112	0,119	0,115	0,128	0,115	0,110	0,106	0,120	0,122	0,126	700
G	0,110	0,112	0,106	0,121	0,115	0,113	0,107	0,116	0,120	0,117	0,135	0,128	700
H	0,105	0,106	0,085		0,105	0,107	0,092		0,119	0,112	0,084		700

Blank 600
	1	2	3	4	5	6	7	8	9	10	11	12
A	0,028	0,029	0,005		0,033	0,020	-0,005		0,052	0,059	0,002		Blank 600
B	0,033	0,043	0,039	0,024	0,026	0,024	0,038	0,024	0,026	0,038	0,042	0,027	Blank 600
C	0,030	0,033	0,036	0,027	0,035	0,033	0,027	0,030	0,031	0,042	0,039	0,031	Blank 600
D	0,024	0,035	0,037		0,024	0,036	0,024		0,027	0,030	0,035		Blank 600
E	0,025	0,029	0,035		0,019	0,027	0,038		0,027	0,043	0,049		Blank 600
F	0,037	0,029	0,034	0,040	0,032	0,048	0,035	0,029	0,025	0,040	0,040	0,048	Blank 600
G	0,028	0,031	0,026	0,039	0,032	0,030	0,027	0,038	0,040	0,037	0,057	0,048	Blank 600
H	0,023	0,021	-0,002		0,019	0,022	0,004		0,037	0,030	-0,005		Blank 600

Blank 500
	1	2	3	4	5	6	7	8	9	10	11	12
A	0,037	0,038	0,006		0,039	0,026	-0,005		0,065	0,076	0,003		Blank 500
B	0,043	0,051	0,049	0,029	0,031	0,030	0,049	0,029	0,032	0,047	0,050	0,032	Blank 500
C	0,039	0,042	0,046	0,033	0,045	0,042	0,035	0,036	0,038	0,051	0,048	0,037	Blank 500
D	0,032	0,045	0,046		0,030	0,045	0,033		0,032	0,038	0,044		Blank 500
E	0,032	0,036	0,042		0,025	0,033	0,046		0,033	0,051	0,056		Blank 500
F	0,043	0,037	0,040	0,049	0,039	0,059	0,041	0,035	0,029	0,048	0,051	0,056	Blank 500
G	0,035	0,038	0,032	0,049	0,040	0,037	0,032	0,047	0,048	0,043	0,071	0,059	Blank 500
H	0,029	0,028	-0,002		0,023	0,029	0,005		0,045	0,036	-0,007		Blank 500

Blank 700
	1	2	3	4	5	6	7	8	9	10	11	12
A	0,023	0,022	0,003		0,025	0,016	-0,001		0,042	0,049	0,002		Blank 700
B	0,027	0,038	0,030	0,020	0,021	0,019	0,030	0,020	0,021	0,032	0,033	0,022	Blank 700
C	0,025	0,026	0,028	0,020	0,029	0,026	0,022	0,024	0,024	0,033	0,032	0,025	Blank 700
D	0,020	0,027	0,027		0,021	0,029	0,018		0,020	0,025	0,024		Blank 700
E	0,023	0,023	0,024		0,015	0,021	0,030		0,020	0,034	0,037		Blank 700
F	0,034	0,023	0,024	0,031	0,027	0,040	0,027	0,021	0,018	0,032	0,034	0,038	Blank 700
G	0,022	0,024	0,018	0,033	0,027	0,024	0,019	0,028	0,032	0,029	0,047	0,040	Blank 700
H	0,017	0,018	-0,003		0,017	0,019	0,004		0,031	0,024	-0,004		Blank 700



Experiment File Path:	C:\Users\PlateReader\Documents\BioTek Reader\Experimente\Competition Assaz Species 8_11_23.xpt
Protocol File Path:	C:\Users\PlateReader\Documents\BioTek Reader\Protokolle\Competition Assay Samples OD.prt



Plate Number	Plate 4
Date	09.11.2023
Time	00:15:55
Reader Type:	Epoch 2
Reader Serial Number:	2107161C
Reading Type	Reader



Actual Temperature:	21,5

600
	1	2	3	4	5	6	7	8	9	10	11	12
A	0,185	0,208	0,088		0,170	0,170	0,084		0,165	0,161	0,085		600
B	0,127	0,141	0,193	0,120	0,128	0,134	0,160	0,119	0,128	0,136	0,150	0,119	600
C	0,125	0,138	0,171	0,121	0,127	0,134	0,159	0,119	0,126	0,135	0,143	0,122	600
D	0,129	0,133	0,172		0,126	0,131	0,148		0,127	0,135	0,145		600
E	0,128	0,133	0,158		0,129	0,133	0,150		0,126	0,134	0,144		600
F	0,126	0,131	0,161	0,173	0,127	0,134	0,148	0,161	0,130	0,134	0,142	0,155	600
G	0,129	0,134	0,167	0,200	0,134	0,134	0,152	0,162	0,130	0,137	0,144	0,155	600
H	0,122	0,121	0,085		0,121	0,121	0,085		0,130	0,122	0,089		600



Actual Temperature:	21,5

500
	1	2	3	4	5	6	7	8	9	10	11	12
A	0,214	0,251	0,091		0,198	0,199	0,087		0,192	0,188	0,090		500
B	0,140	0,160	0,225	0,135	0,144	0,151	0,186	0,135	0,142	0,153	0,167	0,131	500
C	0,139	0,155	0,200	0,136	0,144	0,150	0,180	0,133	0,141	0,153	0,159	0,135	500
D	0,143	0,151	0,204		0,142	0,151	0,173		0,142	0,152	0,166		500
E	0,143	0,148	0,182		0,142	0,147	0,167		0,140	0,150	0,162		500
F	0,140	0,147	0,182	0,203	0,140	0,150	0,169	0,185	0,145	0,149	0,164	0,176	500
G	0,145	0,151	0,192	0,240	0,148	0,148	0,173	0,187	0,143	0,152	0,165	0,176	500
H	0,136	0,135	0,090		0,134	0,136	0,090		0,143	0,134	0,093		500



Actual Temperature:	21,5

700
	1	2	3	4	5	6	7	8	9	10	11	12
A	0,159	0,177	0,084		0,151	0,151	0,082		0,146	0,145	0,081		700
B	0,113	0,126	0,172	0,111	0,117	0,122	0,142	0,113	0,117	0,123	0,133	0,107	700
C	0,112	0,123	0,150	0,112	0,117	0,120	0,140	0,110	0,115	0,122	0,128	0,110	700
D	0,115	0,120	0,151		0,115	0,120	0,133		0,115	0,121	0,130		700
E	0,116	0,119	0,140		0,117	0,121	0,130		0,115	0,121	0,131		700
F	0,114	0,118	0,141	0,152	0,116	0,121	0,132	0,141	0,117	0,119	0,128	0,137	700
G	0,117	0,121	0,145	0,171	0,122	0,119	0,132	0,142	0,115	0,123	0,129	0,136	700
H	0,111	0,110	0,082		0,110	0,111	0,082		0,118	0,113	0,086		700

Blank 600
	1	2	3	4	5	6	7	8	9	10	11	12
A	0,099	0,122	0,002		0,084	0,083	-0,002		0,079	0,074	-0,001		Blank 600
B	0,040	0,055	0,107	0,034	0,041	0,048	0,074	0,033	0,042	0,050	0,063	0,033	Blank 600
C	0,039	0,051	0,084	0,035	0,040	0,047	0,072	0,033	0,039	0,049	0,057	0,035	Blank 600
D	0,042	0,047	0,086		0,040	0,045	0,062		0,041	0,049	0,058		Blank 600
E	0,042	0,047	0,071		0,043	0,047	0,064		0,040	0,048	0,058		Blank 600
F	0,040	0,045	0,075	0,087	0,041	0,047	0,062	0,075	0,043	0,048	0,055	0,069	Blank 600
G	0,042	0,048	0,081	0,114	0,048	0,048	0,066	0,075	0,043	0,051	0,058	0,069	Blank 600
H	0,035	0,034	-0,001		0,035	0,035	-0,001		0,044	0,036	0,003		Blank 600

Blank 500
	1	2	3	4	5	6	7	8	9	10	11	12
A	0,124	0,160	0,001		0,107	0,109	-0,003		0,102	0,098	0,000		Blank 500
B	0,050	0,069	0,135	0,044	0,054	0,061	0,096	0,044	0,052	0,063	0,077	0,040	Blank 500
C	0,049	0,065	0,110	0,046	0,054	0,060	0,089	0,043	0,051	0,063	0,069	0,045	Blank 500
D	0,053	0,061	0,113		0,052	0,061	0,083		0,052	0,062	0,076		Blank 500
E	0,053	0,058	0,092		0,052	0,057	0,076		0,050	0,060	0,072		Blank 500
F	0,049	0,057	0,092	0,112	0,050	0,060	0,079	0,095	0,055	0,059	0,073	0,086	Blank 500
G	0,055	0,061	0,101	0,150	0,058	0,058	0,082	0,097	0,053	0,062	0,075	0,086	Blank 500
H	0,046	0,044	-0,000		0,044	0,045	-0,000		0,053	0,044	0,002		Blank 500

Blank 700
	1	2	3	4	5	6	7	8	9	10	11	12
A	0,076	0,094	0,001		0,068	0,069	-0,001		0,064	0,063	-0,002		Blank 700
B	0,030	0,043	0,090	0,028	0,034	0,039	0,059	0,030	0,035	0,041	0,050	0,025	Blank 700
C	0,029	0,040	0,067	0,030	0,034	0,037	0,057	0,027	0,033	0,039	0,046	0,028	Blank 700
D	0,032	0,037	0,069		0,033	0,037	0,051		0,033	0,039	0,048		Blank 700
E	0,033	0,036	0,057		0,035	0,038	0,048		0,033	0,039	0,048		Blank 700
F	0,031	0,035	0,059	0,070	0,034	0,038	0,049	0,059	0,034	0,037	0,046	0,054	Blank 700
G	0,034	0,038	0,062	0,088	0,039	0,037	0,050	0,059	0,033	0,041	0,046	0,054	Blank 700
H	0,028	0,027	-0,000		0,028	0,028	-0,001		0,035	0,030	0,003		Blank 700

